*----------------------------------------------------------------------------
* Output table number  :  0 (=first output table)
* Output table format  : Spreadsheet output
* Simulation results
* LINTUL2
 
TIME	LAI	WSOTHA	WSO	WST	WLV	WRT	TSUM	DAVTMP	DTR	ROOTD	TRAN	EVAP	TRANRF	WA	WC	YEAR	RAIN	TRAIN
 
   58.0000    	  0.0000    	  0.0000    	  0.0000    	  0.0000    	 0.54545    	  0.0000    	  0.0000    	  6.7500    	 0.65000    	 0.10000    	  0.0000    	 1.58860E-02	  0.0000    	  36.000    	 0.36000    	  1987.0    	  14.500    	  0.0000    
   63.0000    	 1.20000E-02	  0.0000    	  0.0000    	 1.86965E-02	 0.58175    	 5.49897E-02	  9.7000    	 -4.7500    	  4.9900    	 0.13600    	 2.69696E-03	 0.51571    	  1.0000    	  48.960    	 0.36000    	  1987.0    	  0.0000    	  43.500    
   68.0000    	 1.20000E-02	  0.0000    	  0.0000    	 0.10274    	 0.74489    	 0.30217    	  9.7000    	-0.60000    	  10.980    	 0.19600    	 7.63268E-03	  1.4455    	  1.0000    	  70.560    	 0.36000    	  1987.0    	  0.0000    	  43.500    
   73.0000    	 1.22731E-02	  0.0000    	  0.0000    	 0.21017    	 0.95343    	 0.61814    	  12.200    	-0.15000    	  12.170    	 0.25600    	 7.71956E-03	  1.4540    	  1.0000    	  92.160    	 0.36000    	  1987.0    	  0.0000    	  45.500    
   78.0000    	 1.29191E-02	  0.0000    	  0.0000    	 0.27077    	  1.0711    	 0.79640    	  21.300    	  2.3000    	  8.0200    	 0.31600    	 6.60826E-03	  1.1640    	  1.0000    	  113.76    	 0.36000    	  1987.0    	  0.0000    	  69.100    
   83.0000    	 1.51433E-02	  0.0000    	  0.0000    	 0.34688    	  1.2188    	  1.0202    	  38.950    	  8.8500    	  2.9900    	 0.37600    	 1.64527E-03	 0.53164    	  1.0000    	  135.36    	 0.36000    	  1987.0    	 0.50000    	  94.500    
   88.0000    	 2.20697E-02	  0.0000    	  0.0000    	 0.42965    	  1.3795    	  1.2637    	  80.800    	  3.2500    	  10.500    	 0.43600    	 1.48019E-02	  1.7771    	  1.0000    	  156.96    	 0.36000    	  1987.0    	 0.90000    	  107.40    
   93.0000    	 2.76882E-02	  0.0000    	  0.0000    	 0.63466    	  1.7774    	  1.8666    	  106.00    	  8.8500    	  9.6800    	 0.49600    	 2.01037E-02	  1.6548    	  1.0000    	  178.56    	 0.36000    	  1987.0    	  0.0000    	  108.90    
   98.0000    	 4.30929E-02	  0.0000    	  0.0000    	 0.88612    	  2.2763    	  2.5693    	  155.15    	  9.9500    	  10.470    	 0.55600    	 3.32980E-02	  2.0113    	  1.0000    	  200.16    	 0.36000    	  1987.0    	  1.2000    	  115.00    
   103.000    	 6.10203E-02	  0.0000    	  0.0000    	  1.2429    	  3.0223    	  3.4333    	  193.80    	  6.6000    	  10.820    	 0.61600    	 4.80139E-02	  1.7688    	  1.0000    	  221.76    	 0.36000    	  1987.0    	  0.0000    	  138.90    
   108.000    	 9.45007E-02	  0.0000    	  0.0000    	  1.8450    	  4.3339    	  4.7107    	  242.40    	  15.000    	  18.330    	 0.67600    	 0.14774    	  3.5063    	  1.0000    	  243.36    	 0.36000    	  1987.0    	  0.0000    	  138.90    
   113.000    	 0.15226    	  0.0000    	  0.0000    	  3.4342    	  7.8777    	  7.4020    	  295.40    	  12.500    	  21.250    	 0.73600    	 0.24740    	  3.6095    	  1.0000    	  264.96    	 0.36000    	  1987.0    	  0.0000    	  143.40    
   118.000    	 0.30143    	  0.0000    	  0.0000    	  7.6653    	  15.838    	  12.650    	  358.35    	  15.400    	  22.820    	 0.79600    	 0.59611    	  4.1773    	  1.0000    	  286.56    	 0.36000    	  1987.0    	  0.0000    	  143.40    
   123.000    	 0.52250    	  0.0000    	  0.0000    	  14.274    	  25.887    	  18.230    	  430.25    	  6.5000    	  9.2800    	 0.85600    	 0.25742    	  1.2297    	  1.0000    	  308.16    	 0.36000    	  1987.0    	  3.8000    	  144.00    
   128.000    	 0.86968    	  0.0000    	  0.0000    	  26.626    	  41.668    	  25.363    	  468.35    	  8.3500    	  24.000    	 0.91600    	  1.2795    	  2.6903    	  1.0000    	  329.76    	 0.36000    	  1987.0    	  0.0000    	  147.80    
   133.000    	  1.4075    	  0.0000    	  0.0000    	  47.350    	  66.112    	  35.100    	  512.55    	  7.2500    	  16.910    	 0.97600    	  1.2208    	  1.5456    	  1.0000    	  351.36    	 0.36000    	  1987.0    	  3.1000    	  168.40    
   138.000    	  1.9464    	  0.0000    	  0.0000    	  70.498    	  90.609    	  42.893    	  551.00    	  11.050    	  8.7500    	  1.0360    	 0.57774    	 0.57678    	  1.0000    	  372.96    	 0.36000    	  1987.0    	 0.80000    	  185.90    
   143.000    	  2.7006    	  0.0000    	  0.0000    	  108.81    	  124.89    	  52.470    	  598.45    	  11.800    	  23.200    	  1.0960    	  2.5835    	  1.1665    	  1.0000    	  394.56    	 0.36000    	  1987.0    	  5.7000    	  196.00    
   148.000    	  3.8576    	  0.0000    	  0.0000    	  191.22    	  177.48    	  68.272    	  662.25    	  10.550    	  14.320    	  1.1560    	  1.8124    	 0.40771    	  1.0000    	  416.16    	 0.36000    	  1987.0    	 0.60000    	  201.80    
   153.000    	  4.2700    	  0.0000    	  0.0000    	  237.00    	  196.74    	  74.824    	  718.70    	  14.250    	  7.6400    	  1.2040    	 0.53907    	 0.16689    	  1.0000    	  433.44    	 0.36000    	  1987.0    	  17.600    	  229.10    
   158.000    	  4.4884    	  0.0000    	  0.0000    	  288.68    	  209.33    	  80.169    	  787.45    	  14.150    	  12.000    	  1.2040    	  1.6028    	 0.28894    	  1.0000    	  433.44    	 0.36000    	  1987.0    	  1.8000    	  257.50    
   163.000    	  4.6691    	  0.0000    	  0.0000    	  372.40    	  221.76    	  86.805    	  848.20    	  12.150    	  22.750    	  1.2040    	  3.4335    	 0.42170    	  1.0000    	  433.44    	 0.36000    	  1987.0    	  0.0000    	  283.40    
   168.000    	  4.7804    	  0.0000    	  0.0000    	  472.46    	  232.64    	  93.441    	  908.65    	  9.4500    	  12.750    	  1.2040    	  1.3548    	 0.22335    	  1.0000    	  433.44    	 0.36000    	  1987.0    	  3.5000    	  288.80    
   173.000    	  4.7651    	  0.0000    	  0.0000    	  550.64    	  238.31    	  97.703    	  961.60    	  14.650    	  11.120    	  1.2040    	  1.2220    	 0.21125    	  1.0000    	  433.44    	 0.36000    	  1987.0    	  8.2000    	  300.30    
   178.000    	  4.6980    	  0.0000    	  0.0000    	  635.39    	  241.25    	  101.28    	  1034.2    	  15.900    	  10.330    	  1.2040    	  1.5979    	 0.22105    	  1.0000    	  433.44    	 0.36000    	  1987.0    	 0.50000    	  317.20    
   183.000    	  4.4216    	 0.33215    	  33.215    	  713.04    	  241.43    	  104.42    	  1131.1    	  14.600    	  19.230    	  1.2040    	  2.8411    	 0.40388    	  1.0000    	  433.44    	 0.36000    	  1987.0    	  0.0000    	  317.70    
   188.000    	  3.4405    	  1.8739    	  187.39    	  724.40    	  241.43    	  107.62    	  1219.3    	  20.500    	  22.870    	  1.2040    	  3.5688    	 0.89593    	  1.0000    	  433.44    	 0.36000    	  1987.0    	  0.0000    	  317.70    
   193.000    	  2.6982    	  3.0258    	  302.58    	  724.40    	  241.43    	  108.50    	  1305.1    	  16.250    	  25.760    	  1.2040    	  3.7575    	  1.4943    	  1.0000    	  433.44    	 0.36000    	  1987.0    	  0.0000    	  317.80    
   198.000    	  2.0500    	  4.1858    	  418.58    	  724.40    	  241.43    	  108.50    	  1400.2    	  16.900    	  7.2100    	  1.2040    	 0.64531    	 0.57415    	  1.0000    	  433.44    	 0.36000    	  1987.0    	  16.400    	  351.90    
   203.000    	  1.6185    	  4.8834    	  488.34    	  724.40    	  241.43    	  108.50    	  1484.5    	  17.600    	  12.780    	  1.2040    	  1.0556    	  1.1647    	  1.0000    	  433.44    	 0.36000    	  1987.0    	  14.000    	  388.60    
   208.000    	  1.3121    	  5.4688    	  546.88    	  724.40    	  241.43    	  108.50    	  1558.9    	  14.250    	  7.9600    	  1.2040    	 0.64510    	 0.97791    	  1.0000    	  433.44    	 0.36000    	  1987.0    	  9.5000    	  409.00    
   213.000    	  1.0656    	  5.7607    	  576.07    	  724.40    	  241.43    	  108.50    	  1634.7    	  15.650    	  8.5200    	  1.2040    	 0.58724    	  1.1551    	  1.0000    	  433.44    	 0.36000    	  1987.0    	 0.80000    	  439.00    
   218.000    	 0.87941    	  6.1835    	  618.35    	  724.40    	  241.43    	  108.50    	  1703.4    	  11.050    	  14.510    	  1.2040    	 0.72003    	  1.7236    	  1.0000    	  433.44    	 0.36000    	  1987.0    	  7.4000    	  454.60    
   223.000    	 0.73073    	  6.5004    	  650.04    	  724.40    	  241.43    	  108.50    	  1769.3    	  13.450    	  20.010    	  1.2040    	  1.0375    	  2.7000    	  1.0000    	  433.44    	 0.36000    	  1987.0    	  0.0000    	  476.20    
   228.000    	 0.57937    	  6.8372    	  683.72    	  724.40    	  241.43    	  108.50    	  1851.7    	  19.500    	  15.990    	  1.2040    	 0.73359    	  2.5215    	  1.0000    	  433.44    	 0.36000    	  1987.0    	  0.0000    	  487.10    
   233.000    	 0.43955    	  7.1100    	  711.00    	  724.40    	  241.43    	  108.50    	  1947.3    	  23.150    	  12.780    	  1.2040    	 0.42402    	  2.0326    	  1.0000    	  433.44    	 0.36000    	  1987.0    	  0.0000    	  494.90    
   238.000    	 0.33101    	  7.2913    	  729.13    	  724.40    	  241.43    	  108.50    	  2044.9    	  15.350    	  9.0400    	  1.2040    	 0.26709    	  1.9137    	  1.0000    	  433.44    	 0.36000    	  1987.0    	  8.5000    	  509.20    
   241.000    	 0.29123    	  7.3550    	  735.50    	  724.40    	  241.43    	  108.50    	  2091.6    	  15.600    	  6.1700    	  1.2040    	 0.12257    	  1.1541    	  1.0000    	  433.44    	 0.36000    	  1987.0    	  1.1000    	  519.90    




